%YAML:1.0
---
camera_name: "0-0"

camera_config: "../config/MV-SUA133GC-0-0.Config"

K: !!opencv-matrix
  rows: 3
  cols: 3
  dt: d
  data: [ 1404.58491, 0.0, 634.91442,
          0.0, 1404.89822, 495.15678,
          0.0,        0.0,       1.0 ]
as
C: !!opencv-matrix
  rows: 1
  cols: 5
  dt: d
  data: [ -0.12018638, 0.01544434, 0.00035692,
           0.00021981, 0.32616449 ]