%YAML:1.0
---
camera_name: "0-1"

camera_config: "../config/MV-SUA133GC-0-1.Config"

K: !!opencv-matrix
  rows: 3
  cols: 3
  dt: d
  data: [ 1406.84957, 0.0, 617.20947,
          0.0, 1407.05988, 508.97093,
          0.0,        0.0,       1.0 ]

C: !!opencv-matrix
  rows: 1
  cols: 5
  dt: d
  data: [ -0.12441525, 0.05239271, -0.00034869,
           0.00022066, 0.23081672 ]